# -*- coding: utf-8 -*-
"""
Created on Wed Nov 21 22:05:43 2018

@author: Delgado

"""

######## NB KNN ##########
#All View
acuracias_finais = [92.85714285714286, 92.85714285714286, 92.14285714285714, 90.71428571428571, 91.42857142857143, 90.0, 95.0, 87.14285714285714, 94.28571428571429, 94.28571428571429, 92.85714285714286, 92.85714285714286, 92.14285714285714, 90.71428571428571, 91.42857142857143, 90.0, 95.0, 87.14285714285714, 94.28571428571429, 94.28571428571429, 92.85714285714286, 92.85714285714286, 92.14285714285714, 90.71428571428571, 91.42857142857143, 90.0, 95.0, 87.14285714285714, 94.28571428571429, 94.28571428571429, 92.85714285714286, 92.85714285714286, 92.14285714285714, 90.71428571428571, 91.42857142857143, 90.0, 95.0, 87.14285714285714, 94.28571428571429, 94.28571428571429, 92.85714285714286, 92.85714285714286, 92.14285714285714, 90.71428571428571, 91.42857142857143, 90.0, 95.0, 87.14285714285714, 94.28571428571429, 94.28571428571429, 92.85714285714286, 92.85714285714286, 92.14285714285714, 90.71428571428571, 91.42857142857143, 90.0, 95.0, 87.14285714285714, 94.28571428571429, 94.28571428571429, 92.85714285714286, 92.85714285714286, 92.14285714285714, 90.71428571428571, 91.42857142857143, 90.0, 95.0, 87.14285714285714, 94.28571428571429, 94.28571428571429, 92.85714285714286, 92.85714285714286, 92.14285714285714, 90.71428571428571, 91.42857142857143, 90.0, 95.0, 87.14285714285714, 94.28571428571429, 94.28571428571429, 92.85714285714286, 92.85714285714286, 92.14285714285714, 90.71428571428571, 91.42857142857143, 90.0, 95.0, 87.14285714285714, 94.28571428571429, 94.28571428571429, 92.85714285714286, 92.85714285714286, 92.14285714285714, 90.71428571428571, 91.42857142857143, 90.0, 95.0, 87.14285714285714, 94.28571428571429, 94.28571428571429, 92.85714285714286, 92.85714285714286, 92.14285714285714, 90.71428571428571, 91.42857142857143, 90.0, 95.0, 87.14285714285714, 94.28571428571429, 94.28571428571429, 92.85714285714286, 92.85714285714286, 92.14285714285714, 90.71428571428571, 91.42857142857143, 90.0, 95.0, 87.14285714285714, 94.28571428571429, 94.28571428571429, 92.85714285714286, 92.85714285714286, 92.14285714285714, 90.71428571428571, 91.42857142857143, 90.0, 95.0, 87.14285714285714, 94.28571428571429, 94.28571428571429, 92.85714285714286, 92.85714285714286, 92.14285714285714, 90.71428571428571, 91.42857142857143, 90.0, 95.0, 87.14285714285714, 94.28571428571429, 94.28571428571429, 92.85714285714286, 92.85714285714286, 92.14285714285714, 90.71428571428571, 91.42857142857143, 90.0, 95.0, 87.14285714285714, 94.28571428571429, 94.28571428571429, 92.85714285714286, 92.85714285714286, 92.14285714285714, 90.71428571428571, 91.42857142857143, 90.0, 95.0, 87.14285714285714, 94.28571428571429, 94.28571428571429, 92.85714285714286, 92.85714285714286, 92.14285714285714, 90.71428571428571, 91.42857142857143, 90.0, 95.0, 87.14285714285714, 94.28571428571429, 94.28571428571429, 92.85714285714286, 92.85714285714286, 92.14285714285714, 90.71428571428571, 91.42857142857143, 90.0, 95.0, 87.14285714285714, 94.28571428571429, 94.28571428571429, 92.85714285714286, 92.85714285714286, 92.14285714285714, 90.71428571428571, 91.42857142857143, 90.0, 95.0, 87.14285714285714, 94.28571428571429, 94.28571428571429, 92.85714285714286, 92.85714285714286, 92.14285714285714, 90.71428571428571, 91.42857142857143, 90.0, 95.0, 87.14285714285714, 94.28571428571429, 94.28571428571429, 92.85714285714286, 92.85714285714286, 92.14285714285714, 90.71428571428571, 91.42857142857143, 90.0, 95.0, 87.14285714285714, 94.28571428571429, 94.28571428571429, 92.85714285714286, 92.85714285714286, 92.14285714285714, 90.71428571428571, 91.42857142857143, 90.0, 95.0, 87.14285714285714, 94.28571428571429, 94.28571428571429, 92.85714285714286, 92.85714285714286, 92.14285714285714, 90.71428571428571, 91.42857142857143, 90.0, 95.0, 87.14285714285714, 94.28571428571429, 94.28571428571429, 92.85714285714286, 92.85714285714286, 92.14285714285714, 90.71428571428571, 91.42857142857143, 90.0, 95.0, 87.14285714285714, 94.28571428571429, 94.28571428571429, 92.85714285714286, 92.85714285714286, 92.14285714285714, 90.71428571428571, 91.42857142857143, 90.0, 95.0, 87.14285714285714, 94.28571428571429, 94.28571428571429, 92.85714285714286, 92.85714285714286, 92.14285714285714, 90.71428571428571, 91.42857142857143, 90.0, 95.0, 87.14285714285714, 94.28571428571429, 94.28571428571429, 92.85714285714286, 92.85714285714286, 92.14285714285714, 90.71428571428571, 91.42857142857143, 90.0, 95.0, 87.14285714285714, 94.28571428571429, 94.28571428571429, 92.85714285714286, 92.85714285714286, 92.14285714285714, 90.71428571428571, 91.42857142857143, 90.0, 95.0, 87.14285714285714, 94.28571428571429, 94.28571428571429, 92.85714285714286, 92.85714285714286, 92.14285714285714, 90.71428571428571, 91.42857142857143, 90.0, 95.0, 87.14285714285714, 94.28571428571429, 94.28571428571429, 92.85714285714286, 92.85714285714286, 92.14285714285714, 90.71428571428571, 91.42857142857143, 90.0, 95.0, 87.14285714285714, 94.28571428571429, 94.28571428571429]
k_final = 29
acuracia = 92.06349206349206
intervalo de confiança: (87.66873761920998, 96.47411952364716)

#Shape View
acuracias finais = [46.42857142857143, 59.285714285714285, 52.857142857142854, 53.57142857142857, 60.714285714285715, 50.0, 58.57142857142857, 53.57142857142857, 52.857142857142854, 58.57142857142857, 46.42857142857143, 59.285714285714285, 52.857142857142854, 53.57142857142857, 60.714285714285715, 50.0, 58.57142857142857, 53.57142857142857, 52.857142857142854, 58.57142857142857, 46.42857142857143, 59.285714285714285, 52.857142857142854, 53.57142857142857, 60.714285714285715, 50.0, 58.57142857142857, 53.57142857142857, 52.857142857142854, 58.57142857142857, 46.42857142857143, 59.285714285714285, 52.857142857142854, 53.57142857142857, 60.714285714285715, 50.0, 58.57142857142857, 53.57142857142857, 52.857142857142854, 58.57142857142857, 46.42857142857143, 59.285714285714285, 52.857142857142854, 53.57142857142857, 60.714285714285715, 50.0, 58.57142857142857, 53.57142857142857, 52.857142857142854, 58.57142857142857, 46.42857142857143, 59.285714285714285, 52.857142857142854, 53.57142857142857, 60.714285714285715, 50.0, 58.57142857142857, 53.57142857142857, 52.857142857142854, 58.57142857142857, 46.42857142857143, 59.285714285714285, 52.857142857142854, 53.57142857142857, 60.714285714285715, 50.0, 58.57142857142857, 53.57142857142857, 52.857142857142854, 58.57142857142857, 46.42857142857143, 59.285714285714285, 52.857142857142854, 53.57142857142857, 60.714285714285715, 50.0, 58.57142857142857, 53.57142857142857, 52.857142857142854, 58.57142857142857, 46.42857142857143, 59.285714285714285, 52.857142857142854, 53.57142857142857, 60.714285714285715, 50.0, 58.57142857142857, 53.57142857142857, 52.857142857142854, 58.57142857142857, 46.42857142857143, 59.285714285714285, 52.857142857142854, 53.57142857142857, 60.714285714285715, 50.0, 58.57142857142857, 53.57142857142857, 52.857142857142854, 58.57142857142857, 46.42857142857143, 59.285714285714285, 52.857142857142854, 53.57142857142857, 60.714285714285715, 50.0, 58.57142857142857, 53.57142857142857, 52.857142857142854, 58.57142857142857, 46.42857142857143, 59.285714285714285, 52.857142857142854, 53.57142857142857, 60.714285714285715, 50.0, 58.57142857142857, 53.57142857142857, 52.857142857142854, 58.57142857142857, 46.42857142857143, 59.285714285714285, 52.857142857142854, 53.57142857142857, 60.714285714285715, 50.0, 58.57142857142857, 53.57142857142857, 52.857142857142854, 58.57142857142857, 46.42857142857143, 59.285714285714285, 52.857142857142854, 53.57142857142857, 60.714285714285715, 50.0, 58.57142857142857, 53.57142857142857, 52.857142857142854, 58.57142857142857, 46.42857142857143, 59.285714285714285, 52.857142857142854, 53.57142857142857, 60.714285714285715, 50.0, 58.57142857142857, 53.57142857142857, 52.857142857142854, 58.57142857142857, 46.42857142857143, 59.285714285714285, 52.857142857142854, 53.57142857142857, 60.714285714285715, 50.0, 58.57142857142857, 53.57142857142857, 52.857142857142854, 58.57142857142857, 46.42857142857143, 59.285714285714285, 52.857142857142854, 53.57142857142857, 60.714285714285715, 50.0, 58.57142857142857, 53.57142857142857, 52.857142857142854, 58.57142857142857, 46.42857142857143, 59.285714285714285, 52.857142857142854, 53.57142857142857, 60.714285714285715, 50.0, 58.57142857142857, 53.57142857142857, 52.857142857142854, 58.57142857142857, 46.42857142857143, 59.285714285714285, 52.857142857142854, 53.57142857142857, 60.714285714285715, 50.0, 58.57142857142857, 53.57142857142857, 52.857142857142854, 58.57142857142857, 46.42857142857143, 59.285714285714285, 52.857142857142854, 53.57142857142857, 60.714285714285715, 50.0, 58.57142857142857, 53.57142857142857, 52.857142857142854, 58.57142857142857, 46.42857142857143, 59.285714285714285, 52.857142857142854, 53.57142857142857, 60.714285714285715, 50.0, 58.57142857142857, 53.57142857142857, 52.857142857142854, 58.57142857142857, 46.42857142857143, 59.285714285714285, 52.857142857142854, 53.57142857142857, 60.714285714285715, 50.0, 58.57142857142857, 53.57142857142857, 52.857142857142854, 58.57142857142857, 46.42857142857143, 59.285714285714285, 52.857142857142854, 53.57142857142857, 60.714285714285715, 50.0, 58.57142857142857, 53.57142857142857, 52.857142857142854, 58.57142857142857, 46.42857142857143, 59.285714285714285, 52.857142857142854, 53.57142857142857, 60.714285714285715, 50.0, 58.57142857142857, 53.57142857142857, 52.857142857142854, 58.57142857142857, 46.42857142857143, 59.285714285714285, 52.857142857142854, 53.57142857142857, 60.714285714285715, 50.0, 58.57142857142857, 53.57142857142857, 52.857142857142854, 58.57142857142857, 46.42857142857143, 59.285714285714285, 52.857142857142854, 53.57142857142857, 60.714285714285715, 50.0, 58.57142857142857, 53.57142857142857, 52.857142857142854, 58.57142857142857, 46.42857142857143, 59.285714285714285, 52.857142857142854, 53.57142857142857, 60.714285714285715, 50.0, 58.57142857142857, 53.57142857142857, 52.857142857142854, 58.57142857142857, 46.42857142857143, 59.285714285714285, 52.857142857142854, 53.57142857142857, 60.714285714285715, 50.0, 58.57142857142857, 53.57142857142857, 52.857142857142854, 58.57142857142857, 46.42857142857143, 59.285714285714285, 52.857142857142854, 53.57142857142857, 60.714285714285715, 50.0, 58.57142857142857, 53.57142857142857, 52.857142857142854, 58.57142857142857, 46.42857142857143, 59.285714285714285, 52.857142857142854, 53.57142857142857, 60.714285714285715, 50.0, 58.57142857142857, 53.57142857142857, 52.857142857142854, 58.57142857142857]
k_final = 29
acuracia = 54.54545454545455
intervalo de confiança: (46.16751879615731, 63.11819548955697)

#RGB View 
acuracias finais = [90.0, 87.85714285714286, 80.71428571428571, 90.0, 90.0, 88.57142857142857, 91.42857142857143, 89.28571428571429, 90.71428571428571, 85.71428571428571, 90.0, 87.85714285714286, 80.71428571428571, 90.0, 90.0, 88.57142857142857, 91.42857142857143, 89.28571428571429, 90.71428571428571, 85.71428571428571, 90.0, 87.85714285714286, 80.71428571428571, 90.0, 90.0, 88.57142857142857, 91.42857142857143, 89.28571428571429, 90.71428571428571, 85.71428571428571, 90.0, 87.85714285714286, 80.71428571428571, 90.0, 90.0, 88.57142857142857, 91.42857142857143, 89.28571428571429, 90.71428571428571, 85.71428571428571, 90.0, 87.85714285714286, 80.71428571428571, 90.0, 90.0, 88.57142857142857, 91.42857142857143, 89.28571428571429, 90.71428571428571, 85.71428571428571, 90.0, 87.85714285714286, 80.71428571428571, 90.0, 90.0, 88.57142857142857, 91.42857142857143, 89.28571428571429, 90.71428571428571, 85.71428571428571, 90.0, 87.85714285714286, 80.71428571428571, 90.0, 90.0, 88.57142857142857, 91.42857142857143, 89.28571428571429, 90.71428571428571, 85.71428571428571, 90.0, 87.85714285714286, 80.71428571428571, 90.0, 90.0, 88.57142857142857, 91.42857142857143, 89.28571428571429, 90.71428571428571, 85.71428571428571, 90.0, 87.85714285714286, 80.71428571428571, 90.0, 90.0, 88.57142857142857, 91.42857142857143, 89.28571428571429, 90.71428571428571, 85.71428571428571, 90.0, 87.85714285714286, 80.71428571428571, 90.0, 90.0, 88.57142857142857, 91.42857142857143, 89.28571428571429, 90.71428571428571, 85.71428571428571, 90.0, 87.85714285714286, 80.71428571428571, 90.0, 90.0, 88.57142857142857, 91.42857142857143, 89.28571428571429, 90.71428571428571, 85.71428571428571, 90.0, 87.85714285714286, 80.71428571428571, 90.0, 90.0, 88.57142857142857, 91.42857142857143, 89.28571428571429, 90.71428571428571, 85.71428571428571, 90.0, 87.85714285714286, 80.71428571428571, 90.0, 90.0, 88.57142857142857, 91.42857142857143, 89.28571428571429, 90.71428571428571, 85.71428571428571, 90.0, 87.85714285714286, 80.71428571428571, 90.0, 90.0, 88.57142857142857, 91.42857142857143, 89.28571428571429, 90.71428571428571, 85.71428571428571, 90.0, 87.85714285714286, 80.71428571428571, 90.0, 90.0, 88.57142857142857, 91.42857142857143, 89.28571428571429, 90.71428571428571, 85.71428571428571, 90.0, 87.85714285714286, 80.71428571428571, 90.0, 90.0, 88.57142857142857, 91.42857142857143, 89.28571428571429, 90.71428571428571, 85.71428571428571, 90.0, 87.85714285714286, 80.71428571428571, 90.0, 90.0, 88.57142857142857, 91.42857142857143, 89.28571428571429, 90.71428571428571, 85.71428571428571, 90.0, 87.85714285714286, 80.71428571428571, 90.0, 90.0, 88.57142857142857, 91.42857142857143, 89.28571428571429, 90.71428571428571, 85.71428571428571, 90.0, 87.85714285714286, 80.71428571428571, 90.0, 90.0, 88.57142857142857, 91.42857142857143, 89.28571428571429, 90.71428571428571, 85.71428571428571, 90.0, 87.85714285714286, 80.71428571428571, 90.0, 90.0, 88.57142857142857, 91.42857142857143, 89.28571428571429, 90.71428571428571, 85.71428571428571, 90.0, 87.85714285714286, 80.71428571428571, 90.0, 90.0, 88.57142857142857, 91.42857142857143, 89.28571428571429, 90.71428571428571, 85.71428571428571, 90.0, 87.85714285714286, 80.71428571428571, 90.0, 90.0, 88.57142857142857, 91.42857142857143, 89.28571428571429, 90.71428571428571, 85.71428571428571, 90.0, 87.85714285714286, 80.71428571428571, 90.0, 90.0, 88.57142857142857, 91.42857142857143, 89.28571428571429, 90.71428571428571, 85.71428571428571, 90.0, 87.85714285714286, 80.71428571428571, 90.0, 90.0, 88.57142857142857, 91.42857142857143, 89.28571428571429, 90.71428571428571, 85.71428571428571, 90.0, 87.85714285714286, 80.71428571428571, 90.0, 90.0, 88.57142857142857, 91.42857142857143, 89.28571428571429, 90.71428571428571, 85.71428571428571, 90.0, 87.85714285714286, 80.71428571428571, 90.0, 90.0, 88.57142857142857, 91.42857142857143, 89.28571428571429, 90.71428571428571, 85.71428571428571, 90.0, 87.85714285714286, 80.71428571428571, 90.0, 90.0, 88.57142857142857, 91.42857142857143, 89.28571428571429, 90.71428571428571, 85.71428571428571, 90.0, 87.85714285714286, 80.71428571428571, 90.0, 90.0, 88.57142857142857, 91.42857142857143, 89.28571428571429, 90.71428571428571, 85.71428571428571, 90.0, 87.85714285714286, 80.71428571428571, 90.0, 90.0, 88.57142857142857, 91.42857142857143, 89.28571428571429, 90.71428571428571, 85.71428571428571, 90.0, 87.85714285714286, 80.71428571428571, 90.0, 90.0, 88.57142857142857, 91.42857142857143, 89.28571428571429, 90.71428571428571, 85.71428571428571]
k_final = 29
acuracia = 88.60028860028861
intervalo de confiança: (82.56202771453778, 94.29511514260508)

########### NB ############
#All View
Final Accuracy : 79.85714285714288%
Acuracia_media = [79.85714285714286, 79.85714285714286, 79.85714285714286, 79.85714285714286, 79.85714285714285, 79.85714285714286, 79.85714285714286, 79.85714285714286, 79.85714285714286, 79.85714285714285, 79.85714285714283, 79.85714285714283, 79.85714285714282, 79.85714285714282, 79.85714285714282, 79.8571428571428, 79.8571428571428, 79.8571428571428, 79.8571428571428, 79.8571428571428, 79.8571428571428, 79.85714285714282, 79.85714285714283, 79.85714285714285, 79.85714285714286, 79.85714285714286, 79.85714285714288, 79.85714285714289, 79.85714285714289, 79.8571428571429]
intervalo de confiança: (79.85714285714279, 79.8571428571429)

#Shape View
Final Accuracy : 43.90476190476197%
Acuracia_media =  [43.904761904761905, 43.90476190476191, 43.9047619047619, 43.904761904761884, 43.904761904761884, 43.904761904761884, 43.904761904761884, 43.904761904761884, 43.904761904761884, 43.904761904761884, 43.90476190476189, 43.904761904761905, 43.90476190476191, 43.90476190476192, 43.904761904761926, 43.90476190476193, 43.90476190476194, 43.90476190476194, 43.90476190476195, 43.90476190476197, 43.90476190476199, 43.90476190476201, 43.904761904762026, 43.90476190476204, 43.904761904762054, 43.90476190476207, 43.904761904762076, 43.90476190476209, 43.9047619047621, 43.90476190476211]
intervalo de confiança: (43.90476190476182, 43.90476190476212)

#RGB View
Final Accuracy : 79.4285714285714%
Acuracia_media = [79.52380952380952, 79.52380952380952, 80.47619047619048, 78.57142857142857, 82.38095238095238, 80.95238095238095, 74.76190476190476, 77.61904761904762, 76.66666666666667, 83.80952380952381, 79.52380952380952, 79.52380952380952, 80.47619047619048, 78.57142857142857, 82.38095238095238, 80.95238095238095, 74.76190476190476, 77.61904761904762, 76.66666666666667, 83.80952380952381, 79.52380952380952, 79.52380952380952, 80.47619047619048, 78.57142857142857, 82.38095238095238, 80.95238095238095, 74.76190476190476, 77.61904761904762, 76.66666666666667, 83.80952380952381, 79.52380952380952, 79.52380952380952, 80.47619047619048, 78.57142857142857, 82.38095238095238, 80.95238095238095, 74.76190476190476, 77.61904761904762, 76.66666666666667, 83.80952380952381, 79.52380952380952, 79.52380952380952, 80.47619047619048, 78.57142857142857, 82.38095238095238, 80.95238095238095, 74.76190476190476, 77.61904761904762, 76.66666666666667, 83.80952380952381, 79.52380952380952, 79.52380952380952, 80.47619047619048, 78.57142857142857, 82.38095238095238, 80.95238095238095, 74.76190476190476, 77.61904761904762, 76.66666666666667, 83.80952380952381, 79.52380952380952, 79.52380952380952, 80.47619047619048, 78.57142857142857, 82.38095238095238, 80.95238095238095, 74.76190476190476, 77.61904761904762, 76.66666666666667, 83.80952380952381, 79.52380952380952, 79.52380952380952, 80.47619047619048, 78.57142857142857, 82.38095238095238, 80.95238095238095, 74.76190476190476, 77.61904761904762, 76.66666666666667, 83.80952380952381, 79.52380952380952, 79.52380952380952, 80.47619047619048, 78.57142857142857, 82.38095238095238, 80.95238095238095, 74.76190476190476, 77.61904761904762, 76.66666666666667, 83.80952380952381, 79.52380952380952, 79.52380952380952, 80.47619047619048, 78.57142857142857, 82.38095238095238, 80.95238095238095, 74.76190476190476, 77.61904761904762, 76.66666666666667, 83.80952380952381, 79.52380952380952, 79.52380952380952, 80.47619047619048, 78.57142857142857, 82.38095238095238, 80.95238095238095, 74.76190476190476, 77.61904761904762, 76.66666666666667, 83.80952380952381, 79.52380952380952, 79.52380952380952, 80.47619047619048, 78.57142857142857, 82.38095238095238, 80.95238095238095, 74.76190476190476, 77.61904761904762, 76.66666666666667, 83.80952380952381, 79.52380952380952, 79.52380952380952, 80.47619047619048, 78.57142857142857, 82.38095238095238, 80.95238095238095, 74.76190476190476, 77.61904761904762, 76.66666666666667, 83.80952380952381, 79.52380952380952, 79.52380952380952, 80.47619047619048, 78.57142857142857, 82.38095238095238, 80.95238095238095, 74.76190476190476, 77.61904761904762, 76.66666666666667, 83.80952380952381, 79.52380952380952, 79.52380952380952, 80.47619047619048, 78.57142857142857, 82.38095238095238, 80.95238095238095, 74.76190476190476, 77.61904761904762, 76.66666666666667, 83.80952380952381, 79.52380952380952, 79.52380952380952, 80.47619047619048, 78.57142857142857, 82.38095238095238, 80.95238095238095, 74.76190476190476, 77.61904761904762, 76.66666666666667, 83.80952380952381, 79.52380952380952, 79.52380952380952, 80.47619047619048, 78.57142857142857, 82.38095238095238, 80.95238095238095, 74.76190476190476, 77.61904761904762, 76.66666666666667, 83.80952380952381, 79.52380952380952, 79.52380952380952, 80.47619047619048, 78.57142857142857, 82.38095238095238, 80.95238095238095, 74.76190476190476, 77.61904761904762, 76.66666666666667, 83.80952380952381, 79.52380952380952, 79.52380952380952, 80.47619047619048, 78.57142857142857, 82.38095238095238, 80.95238095238095, 74.76190476190476, 77.61904761904762, 76.66666666666667, 83.80952380952381, 79.52380952380952, 79.52380952380952, 80.47619047619048, 78.57142857142857, 82.38095238095238, 80.95238095238095, 74.76190476190476, 77.61904761904762, 76.66666666666667, 83.80952380952381, 79.52380952380952, 79.52380952380952, 80.47619047619048, 78.57142857142857, 82.38095238095238, 80.95238095238095, 74.76190476190476, 77.61904761904762, 76.66666666666667, 83.80952380952381, 79.52380952380952, 79.52380952380952, 80.47619047619048, 78.57142857142857, 82.38095238095238, 80.95238095238095, 74.76190476190476, 77.61904761904762, 76.66666666666667, 83.80952380952381, 79.52380952380952, 79.52380952380952, 80.47619047619048, 78.57142857142857, 82.38095238095238, 80.95238095238095, 74.76190476190476, 77.61904761904762, 76.66666666666667, 83.80952380952381, 79.52380952380952, 79.52380952380952, 80.47619047619048, 78.57142857142857, 82.38095238095238, 80.95238095238095, 74.76190476190476, 77.61904761904762, 76.66666666666667, 83.80952380952381, 79.52380952380952, 79.52380952380952, 80.47619047619048, 78.57142857142857, 82.38095238095238, 80.95238095238095, 74.76190476190476, 77.61904761904762, 76.66666666666667, 83.80952380952381, 79.52380952380952, 79.52380952380952, 80.47619047619048, 78.57142857142857, 82.38095238095238, 80.95238095238095, 74.76190476190476, 77.61904761904762, 76.66666666666667, 83.80952380952381, 79.52380952380952, 79.52380952380952, 80.47619047619048, 78.57142857142857, 82.38095238095238, 80.95238095238095, 74.76190476190476, 77.61904761904762, 76.66666666666667, 83.80952380952381, 79.52380952380952, 79.52380952380952, 80.47619047619048, 78.57142857142857, 82.38095238095238, 80.95238095238095, 74.76190476190476, 77.61904761904762, 76.66666666666667, 83.80952380952381, 79.52380952380952, 79.52380952380952, 80.47619047619048, 78.57142857142857, 82.38095238095238, 80.95238095238095, 74.76190476190476, 77.61904761904762, 76.66666666666667, 83.80952380952381, 79.52380952380952, 79.52380952380952, 80.47619047619048, 78.57142857142857, 82.38095238095238, 80.95238095238095, 74.76190476190476, 77.61904761904762, 76.66666666666667, 83.80952380952381]
intervalo de confiança: (74.44078444141398, 84.41635841572888)